[gd_scene load_steps=17 format=3 uid="uid://deomwref7oitj"]

[ext_resource type="Script" path="res://entities/demon/demon.gd" id="1_rd8x2"]
[ext_resource type="Resource" uid="uid://bh6aahw708cxw" path="res://entities/demon/stats/demon_blood_current.tres" id="2_mtwlj"]
[ext_resource type="Resource" uid="uid://dovpa0kiul7oy" path="res://entities/demon/stats/demon_blood_earned.tres" id="3_eubps"]
[ext_resource type="Resource" uid="uid://3fmx31pf37p3" path="res://entities/demon/stats/demon_exp.tres" id="4_8dvie"]
[ext_resource type="Resource" uid="uid://bqnabw38cic7" path="res://entities/demon/stats/demon_reputation.tres" id="4_o5neq"]
[ext_resource type="Resource" uid="uid://dpiegvcel248p" path="res://entities/demon/stats/demon_hp.tres" id="5_vuj3h"]
[ext_resource type="Resource" uid="uid://7nrl1v3okxlr" path="res://entities/demon/stats/demon_defense.tres" id="6_e7twu"]
[ext_resource type="Resource" uid="uid://c00k3xdkx2gxe" path="res://entities/demon/stats/demon_luck.tres" id="7_8h2rq"]
[ext_resource type="Resource" uid="uid://dkgatmwu1sy87" path="res://entities/demon/stats/demon_strength.tres" id="8_42iuc"]
[ext_resource type="Resource" uid="uid://dea0t6eveqoe6" path="res://entities/demon/stats/demon_agility.tres" id="9_w4ds2"]
[ext_resource type="Resource" uid="uid://ct0ly0x4e614s" path="res://entities/demon/stats/demon_number_of_battle.tres" id="11_86mog"]
[ext_resource type="PackedScene" uid="uid://cnostk02i6l2m" path="res://entities/demon/summon_effect/summon.tscn" id="12_usbv5"]
[ext_resource type="Script" path="res://combat/number_animation.gd" id="13_2knl2"]
[ext_resource type="FontFile" uid="uid://br1uah0d8ildi" path="res://theme/assets/GrimoireOfDeath-Regular.ttf" id="14_npueo"]

[sub_resource type="StandardMaterial3D" id="StandardMaterial3D_f4r4a"]
albedo_color = Color(1, 0, 0, 1)

[sub_resource type="BoxMesh" id="BoxMesh_bqxaa"]
material = SubResource("StandardMaterial3D_f4r4a")

[node name="Demon" type="Node3D" node_paths=PackedStringArray("number_animation", "summon_animation", "growth_camera", "combat_camera", "demon_realm_camera")]
script = ExtResource("1_rd8x2")
number_animation = NodePath("NumberAnimation")
summon_animation = NodePath("Summon/AnimationPlayer")
blood_current = ExtResource("2_mtwlj")
blood_earned = ExtResource("3_eubps")
experience_current = ExtResource("4_8dvie")
reputation = ExtResource("4_o5neq")
health = ExtResource("5_vuj3h")
defense = ExtResource("6_e7twu")
luck = ExtResource("7_8h2rq")
strength = ExtResource("8_42iuc")
agility = ExtResource("9_w4ds2")
number_of_battles = ExtResource("11_86mog")
demon_name = "Imp"
growth_camera = NodePath("GrowCamera")
combat_camera = NodePath("CombatCamera")
demon_realm_camera = NodePath("DemonRealmCamera")

[node name="DemonModell" type="MeshInstance3D" parent="."]
transform = Transform3D(1, 0, 0, 0, 1, 0, 0, 0, 1, 0, 0.5, 0)
mesh = SubResource("BoxMesh_bqxaa")

[node name="SpotLight3D" type="SpotLight3D" parent="."]
transform = Transform3D(0.978198, 1.51613e-10, 0.207673, -0.204518, -0.173648, 0.963337, 0.036062, -0.984808, -0.169862, 2, 10.59, -2)
light_energy = 3.0
shadow_enabled = true
spot_range = 100.0
spot_angle = 20.0

[node name="DemonRealmCamera" type="Camera3D" parent="."]
transform = Transform3D(-0.945519, 0.116673, -0.303944, 0, 0.93358, 0.358368, 0.325568, 0.338844, -0.882718, -4, 3, -4)
fov = 50.0

[node name="CombatCamera" type="Camera3D" parent="."]
transform = Transform3D(0.823263, -0.328557, 0.462913, 0.109535, 0.892095, 0.438371, -0.556992, -0.310189, 0.770417, 7, 6, 5)
fov = 50.0

[node name="GrowCamera" type="Camera3D" parent="."]
transform = Transform3D(-0.920662, -0.144892, 0.362475, -3.93142e-08, 0.928564, 0.371173, -0.390361, 0.341725, -0.854893, 0.911946, 2.71138, -2.59541)
fov = 50.0

[node name="Summon" parent="." instance=ExtResource("12_usbv5")]

[node name="Sprite3D" parent="Summon" index="2"]
transform = Transform3D(1, 0, 0, 0, -3.61999e-06, 1, 0, -1, -3.61999e-06, 0, 0, 0)

[node name="NumberAnimation" type="Node2D" parent="."]
script = ExtResource("13_2knl2")
font = ExtResource("14_npueo")

[editable path="Summon"]
